50.0
1
[1]
cycles: none

75.0
2
[3]
cycles: [1]

75.0
3
[3, 7]
cycles: [1]

81.25
4
[11, 7, 15]
cycles: [1]

87.5
5
[27, 7, 15, 31]
cycles: [1]

87.5
6
[27, 59, 7, 39, 15, 47, 31, 63]
cycles: [1]

89.84375
7
[27, 91, 123, 71, 39, 103, 79, 47, 111, 31, 95, 63, 127]
cycles: [1]

92.578125
8
[27, 155, 91, 251, 71, 167, 103, 231, 207, 47, 111, 239, 31, 159, 223, 63, 191, 127, 255]
cycles: [1]

92.578125
9
[27, 283, 155, 411, 91, 347, 251, 507, 71, 327, 167, 423, 103, 359, 231, 487, 207, 463, 47, 303, 111, 367, 239, 495, 31, 287, 159, 415, 223, 479, 63, 319, 191, 447, 127, 383, 255, 511]
cycles: [1]

93.75
10
[27, 539, 283, 795, 155, 667, 411, 91, 603, 859, 251, 763, 1019, 71, 327, 839, 167, 679, 935, 103, 615, 359, 871, 231, 743, 487, 207, 719, 463, 47, 559, 303, 111, 623, 879, 239, 751, 495, 1007, 31, 543, 799, 159, 671, 415, 927, 223, 479, 991, 63, 319, 831, 191, 703, 447, 959, 127, 639, 383, 895, 255, 767, 511, 1023]
cycles: [1]

93.75
11
[27, 1051, 539, 1563, 283, 1307, 795, 1819, 155, 1179, 667, 1691, 411, 1435, 91, 1115, 603, 1627, 859, 1883, 251, 1275, 763, 1787, 1019, 2043, 71, 1095, 327, 1351, 839, 1863, 167, 1191, 679, 1703, 935, 1959, 103, 1127, 615, 1639, 359, 1383, 871, 1895, 231, 1255, 743, 1767, 487, 1511, 207, 1231, 719, 1743, 463, 1487, 47, 1071, 559, 1583, 303, 1327, 111, 1135, 623, 1647, 879, 1903, 239, 1263, 751, 1775, 495, 1519, 1007, 2031, 31, 1055, 543, 1567, 799, 1823, 159, 1183, 671, 1695, 415, 1439, 927, 1951, 223, 1247, 479, 1503, 991, 2015, 63, 1087, 319, 1343, 831, 1855, 191, 1215, 703, 1727, 447, 1471, 959, 1983, 127, 1151, 639, 1663, 383, 1407, 895, 1919, 255, 1279, 767, 1791, 511, 1535, 1023, 2047]
cycles: [1]

94.482421875
12
[27, 2075, 1051, 3099, 539, 1563, 3611, 283, 2331, 1307, 3355, 795, 2843, 1819, 3867, 155, 1179, 3227, 667, 2715, 1691, 3739, 411, 2459, 3483, 91, 2139, 1115, 3163, 603, 2651, 1627, 859, 1883, 3931, 251, 2299, 1275, 3323, 763, 2811, 3835, 3067, 2043, 4091, 71, 2119, 1095, 327, 2375, 1351, 3399, 839, 2887, 1863, 167, 2215, 1191, 3239, 679, 2727, 3751, 2983, 1959, 4007, 103, 2151, 1127, 3175, 2663, 1639, 3687, 359, 2407, 1383, 3431, 871, 2919, 1895, 3943, 2279, 1255, 3303, 743, 2791, 1767, 3815, 487, 2535, 1511, 207, 2255, 3279, 719, 2767, 1743, 3791, 2511, 1487, 3535, 47, 2095, 1071, 559, 2607, 1583, 3631, 303, 1327, 3375, 111, 2159, 1135, 3183, 623, 2671, 3695, 2927, 1903, 3951, 239, 2287, 1263, 3311, 751, 2799, 1775, 3823, 495, 2543, 1519, 3567, 1007, 3055, 4079, 31, 2079, 1055, 3103, 543, 1567, 3615, 799, 2847, 3871, 159, 2207, 1183, 3231, 671, 2719, 1695, 3743, 415, 2463, 1439, 3487, 927, 1951, 3999, 223, 2271, 1247, 479, 2527, 1503, 3551, 991, 3039, 2015, 63, 2111, 3135, 319, 2367, 1343, 3391, 831, 2879, 3903, 191, 1215, 3263, 703, 2751, 1727, 3775, 447, 2495, 1471, 3519, 959, 3007, 1983, 4031, 127, 2175, 1151, 3199, 639, 2687, 1663, 3711, 2431, 1407, 3455, 895, 2943, 1919, 3967, 255, 2303, 1279, 3327, 767, 2815, 1791, 3839, 511, 2559, 1535, 3583, 1023, 3071, 2047, 4095]
cycles: [1]

95.52001953125
13
[27, 4123, 6171, 1051, 5147, 3099, 7195, 4635, 5659, 3611, 7707, 283, 4379, 6427, 1307, 5403, 3355, 7451, 795, 4891, 2843, 6939, 1819, 5915, 3867, 7963, 155, 1179, 3227, 7323, 667, 4763, 2715, 6811, 1691, 3739, 7835, 411, 2459, 6555, 7579, 91, 4187, 2139, 6235, 1115, 5211, 3163, 603, 4699, 2651, 1627, 859, 1883, 3931, 8027, 251, 4347, 2299, 6395, 1275, 3323, 7419, 763, 2811, 6907, 7931, 7163, 2043, 6139, 8187, 71, 4167, 2119, 1095, 327, 4423, 2375, 6471, 1351, 5447, 3399, 839, 4935, 2887, 1863, 167, 4263, 2215, 6311, 5287, 3239, 7335, 4775, 2727, 6823, 3751, 2983, 1959, 6055, 4007, 103, 2151, 6247, 1127, 5223, 3175, 7271, 6759, 1639, 5735, 7783, 359, 2407, 6503, 1383, 5479, 3431, 7527, 871, 4967, 2919, 7015, 1895, 5991, 3943, 8039, 2279, 1255, 5351, 3303, 743, 4839, 2791, 6887, 1767, 5863, 3815, 487, 4583, 2535, 1511, 4303, 2255, 6351, 3279, 4815, 2767, 6863, 1743, 5839, 3791, 7887, 2511, 1487, 5583, 3535, 47, 4143, 6191, 5167, 559, 4655, 6703, 1583, 5679, 3631, 7727, 4399, 5423, 3375, 7471, 111, 4207, 2159, 6255, 5231, 3183, 7279, 4719, 2671, 6767, 3695, 2927, 1903, 5999, 3951, 239, 4335, 2287, 6383, 1263, 5359, 3311, 7407, 751, 4847, 2799, 6895, 1775, 3823, 7919, 495, 4591, 2543, 6639, 1519, 3567, 7663, 1007, 3055, 7151, 8175, 31, 4127, 6175, 1055, 5151, 3103, 7199, 4639, 5663, 3615, 7711, 4895, 2847, 6943, 3871, 159, 4255, 2207, 6303, 1183, 5279, 3231, 7327, 671, 4767, 2719, 1695, 5791, 3743, 7839, 415, 4511, 2463, 1439, 5535, 3487, 7583, 927, 1951, 3999, 8095, 223, 4319, 6367, 5343, 479, 4575, 2527, 6623, 1503, 5599, 7647, 991, 5087, 7135, 6111, 63, 2111, 6207, 7231, 319, 4415, 2367, 6463, 1343, 3391, 7487, 831, 2879, 6975, 7999, 4287, 5311, 3263, 7359, 703, 4799, 2751, 6847, 5823, 3775, 7871, 447, 4543, 2495, 6591, 1471, 5567, 3519, 7615, 959, 5055, 3007, 7103, 6079, 4031, 8127, 127, 2175, 6271, 1151, 5247, 3199, 7295, 639, 4735, 2687, 6783, 1663, 5759, 3711, 7807, 6527, 1407, 5503, 7551, 895, 4991, 2943, 7039, 1919, 6015, 8063, 4351, 2303, 6399, 1279, 5375, 3327, 7423, 767, 4863, 2815, 6911, 1791, 5887, 3839, 7935, 511, 4607, 2559, 6655, 1535, 5631, 3583, 7679, 1023, 5119, 3071, 7167, 2047, 6143, 4095, 8191]
cycles: [1]

95.52001953125
14
[27, 8219, 4123, 12315, 6171, 14363, 1051, 9243, 5147, 13339, 3099, 11291, 7195, 15387, 4635, 12827, 5659, 13851, 3611, 11803, 7707, 15899, 283, 8475, 4379, 12571, 6427, 14619, 1307, 9499, 5403, 13595, 3355, 11547, 7451, 15643, 795, 8987, 4891, 13083, 2843, 11035, 6939, 15131, 1819, 10011, 5915, 14107, 3867, 12059, 7963, 16155, 155, 8347, 1179, 9371, 3227, 11419, 7323, 15515, 667, 8859, 4763, 12955, 2715, 10907, 6811, 15003, 1691, 9883, 3739, 11931, 7835, 16027, 411, 8603, 2459, 10651, 6555, 14747, 7579, 15771, 91, 8283, 4187, 12379, 2139, 10331, 6235, 14427, 1115, 9307, 5211, 13403, 3163, 11355, 603, 8795, 4699, 12891, 2651, 10843, 1627, 9819, 859, 9051, 1883, 10075, 3931, 12123, 8027, 16219, 251, 8443, 4347, 12539, 2299, 10491, 6395, 14587, 1275, 9467, 3323, 11515, 7419, 15611, 763, 8955, 2811, 11003, 6907, 15099, 7931, 16123, 7163, 15355, 2043, 10235, 6139, 14331, 8187, 16379, 71, 8263, 4167, 12359, 2119, 10311, 1095, 9287, 327, 8519, 4423, 12615, 2375, 10567, 6471, 14663, 1351, 9543, 5447, 13639, 3399, 11591, 839, 9031, 4935, 13127, 2887, 11079, 1863, 10055, 167, 8359, 4263, 12455, 2215, 10407, 6311, 14503, 5287, 13479, 3239, 11431, 7335, 15527, 4775, 12967, 2727, 10919, 6823, 15015, 3751, 11943, 2983, 11175, 1959, 10151, 6055, 14247, 4007, 12199, 103, 8295, 2151, 10343, 6247, 14439, 1127, 9319, 5223, 13415, 3175, 11367, 7271, 15463, 6759, 14951, 1639, 9831, 5735, 13927, 7783, 15975, 359, 8551, 2407, 10599, 6503, 14695, 1383, 9575, 5479, 13671, 3431, 11623, 7527, 15719, 871, 9063, 4967, 13159, 2919, 11111, 7015, 15207, 1895, 10087, 5991, 14183, 3943, 12135, 8039, 16231, 2279, 10471, 1255, 9447, 5351, 13543, 3303, 11495, 743, 8935, 4839, 13031, 2791, 10983, 6887, 15079, 1767, 9959, 5863, 14055, 3815, 12007, 487, 8679, 4583, 12775, 2535, 10727, 1511, 9703, 4303, 12495, 2255, 10447, 6351, 14543, 3279, 11471, 4815, 13007, 2767, 10959, 6863, 15055, 1743, 9935, 5839, 14031, 3791, 11983, 7887, 16079, 2511, 10703, 1487, 9679, 5583, 13775, 3535, 11727, 47, 8239, 4143, 12335, 6191, 14383, 5167, 13359, 559, 8751, 4655, 12847, 6703, 14895, 1583, 9775, 5679, 13871, 3631, 11823, 7727, 15919, 4399, 12591, 5423, 13615, 3375, 11567, 7471, 15663, 111, 8303, 4207, 12399, 2159, 10351, 6255, 14447, 5231, 13423, 3183, 11375, 7279, 15471, 4719, 12911, 2671, 10863, 6767, 14959, 3695, 11887, 2927, 11119, 1903, 10095, 5999, 14191, 3951, 12143, 239, 8431, 4335, 12527, 2287, 10479, 6383, 14575, 1263, 9455, 5359, 13551, 3311, 11503, 7407, 15599, 751, 8943, 4847, 13039, 2799, 10991, 6895, 15087, 1775, 9967, 3823, 12015, 7919, 16111, 495, 8687, 4591, 12783, 2543, 10735, 6639, 14831, 1519, 9711, 3567, 11759, 7663, 15855, 1007, 9199, 3055, 11247, 7151, 15343, 8175, 16367, 31, 8223, 4127, 12319, 6175, 14367, 1055, 9247, 5151, 13343, 3103, 11295, 7199, 15391, 4639, 12831, 5663, 13855, 3615, 11807, 7711, 15903, 4895, 13087, 2847, 11039, 6943, 15135, 3871, 12063, 159, 8351, 4255, 12447, 2207, 10399, 6303, 14495, 1183, 9375, 5279, 13471, 3231, 11423, 7327, 15519, 671, 8863, 4767, 12959, 2719, 10911, 1695, 9887, 5791, 13983, 3743, 11935, 7839, 16031, 415, 8607, 4511, 12703, 2463, 10655, 1439, 9631, 5535, 13727, 3487, 11679, 7583, 15775, 927, 9119, 1951, 10143, 3999, 12191, 8095, 16287, 223, 8415, 4319, 12511, 6367, 14559, 5343, 13535, 479, 8671, 4575, 12767, 2527, 10719, 6623, 14815, 1503, 9695, 5599, 13791, 7647, 15839, 991, 9183, 5087, 13279, 7135, 15327, 6111, 14303, 63, 8255, 2111, 10303, 6207, 14399, 7231, 15423, 319, 8511, 4415, 12607, 2367, 10559, 6463, 14655, 1343, 9535, 3391, 11583, 7487, 15679, 831, 9023, 2879, 11071, 6975, 15167, 7999, 16191, 4287, 12479, 5311, 13503, 3263, 11455, 7359, 15551, 703, 8895, 4799, 12991, 2751, 10943, 6847, 15039, 5823, 14015, 3775, 11967, 7871, 16063, 447, 8639, 4543, 12735, 2495, 10687, 6591, 14783, 1471, 9663, 5567, 13759, 3519, 11711, 7615, 15807, 959, 9151, 5055, 13247, 3007, 11199, 7103, 15295, 6079, 14271, 4031, 12223, 8127, 16319, 127, 8319, 2175, 10367, 6271, 14463, 1151, 9343, 5247, 13439, 3199, 11391, 7295, 15487, 639, 8831, 4735, 12927, 2687, 10879, 6783, 14975, 1663, 9855, 5759, 13951, 3711, 11903, 7807, 15999, 6527, 14719, 1407, 9599, 5503, 13695, 7551, 15743, 895, 9087, 4991, 13183, 2943, 11135, 7039, 15231, 1919, 10111, 6015, 14207, 8063, 16255, 4351, 12543, 2303, 10495, 6399, 14591, 1279, 9471, 5375, 13567, 3327, 11519, 7423, 15615, 767, 8959, 4863, 13055, 2815, 11007, 6911, 15103, 1791, 9983, 5887, 14079, 3839, 12031, 7935, 16127, 511, 8703, 4607, 12799, 2559, 10751, 6655, 14847, 1535, 9727, 5631, 13823, 3583, 11775, 7679, 15871, 1023, 9215, 5119, 13311, 3071, 11263, 7167, 15359, 2047, 10239, 6143, 14335, 4095, 12287, 8191, 16383]
cycles: [1]

96.0479736328125
15
[27, 16411, 8219, 24603, 4123, 12315, 28699, 6171, 22555, 14363, 1051, 17435, 9243, 25627, 5147, 21531, 13339, 29723, 3099, 19483, 11291, 27675, 7195, 23579, 15387, 4635, 21019, 29211, 5659, 22043, 30235, 19995, 11803, 28187, 7707, 24091, 15899, 32283, 283, 16667, 8475, 24859, 4379, 20763, 28955, 6427, 14619, 31003, 1307, 17691, 9499, 25883, 5403, 21787, 13595, 29979, 3355, 19739, 11547, 27931, 7451, 15643, 32027, 795, 17179, 8987, 25371, 4891, 21275, 13083, 2843, 19227, 11035, 27419, 6939, 23323, 15131, 31515, 1819, 18203, 10011, 26395, 5915, 22299, 14107, 30491, 3867, 20251, 12059, 28443, 7963, 24347, 16155, 32539, 155, 16539, 24731, 1179, 17563, 25755, 3227, 19611, 11419, 27803, 7323, 23707, 15515, 667, 17051, 8859, 25243, 4763, 21147, 12955, 29339, 2715, 19099, 10907, 6811, 23195, 15003, 31387, 1691, 18075, 9883, 3739, 20123, 11931, 28315, 7835, 24219, 32411, 16795, 8603, 24987, 2459, 18843, 10651, 27035, 6555, 14747, 31131, 7579, 23963, 15771, 91, 16475, 8283, 24667, 20571, 12379, 28763, 2139, 18523, 10331, 26715, 6235, 22619, 14427, 30811, 1115, 17499, 9307, 5211, 21595, 13403, 29787, 19547, 11355, 27739, 603, 16987, 25179, 4699, 21083, 12891, 29275, 2651, 10843, 27227, 1627, 9819, 26203, 859, 17243, 25435, 1883, 18267, 26459, 3931, 20315, 12123, 28507, 8027, 24411, 16219, 251, 16635, 8443, 24827, 4347, 20731, 12539, 28923, 18683, 10491, 26875, 6395, 22779, 14587, 30971, 17659, 9467, 25851, 3323, 19707, 11515, 27899, 7419, 15611, 31995, 763, 8955, 25339, 2811, 19195, 11003, 27387, 23291, 15099, 31483, 7931, 24315, 32507, 23547, 15355, 31739, 2043, 18427, 10235, 26619, 6139, 22523, 14331, 24571, 16379, 32763, 71, 16455, 8263, 4167, 20551, 12359, 28743, 18503, 10311, 26695, 17479, 9287, 25671, 327, 16711, 8519, 24903, 4423, 20807, 12615, 2375, 18759, 10567, 26951, 6471, 22855, 14663, 31047, 1351, 9543, 25927, 5447, 21831, 13639, 30023, 3399, 19783, 11591, 17223, 9031, 25415, 4935, 21319, 13127, 29511, 2887, 19271, 27463, 1863, 18247, 26439, 167, 16551, 8359, 24743, 4263, 20647, 12455, 28839, 2215, 18599, 10407, 26791, 6311, 22695, 14503, 5287, 21671, 13479, 3239, 11431, 27815, 7335, 23719, 15527, 31911, 4775, 21159, 29351, 19111, 10919, 27303, 6823, 23207, 15015, 31399, 3751, 20135, 28327, 19367, 11175, 27559, 1959, 18343, 10151, 6055, 22439, 14247, 30631, 20391, 12199, 28583, 103, 16487, 8295, 2151, 18535, 10343, 26727, 6247, 22631, 30823, 1127, 17511, 9319, 5223, 21607, 13415, 29799, 3175, 19559, 11367, 27751, 7271, 23655, 15463, 31847, 23143, 14951, 31335, 1639, 18023, 9831, 26215, 5735, 22119, 13927, 24167, 15975, 32359, 359, 8551, 24935, 2407, 18791, 10599, 26983, 22887, 14695, 31079, 1383, 9575, 25959, 5479, 21863, 13671, 30055, 3431, 19815, 11623, 28007, 7527, 23911, 15719, 32103, 871, 17255, 9063, 25447, 4967, 21351, 13159, 29543, 2919, 19303, 11111, 27495, 7015, 15207, 31591, 1895, 18279, 10087, 26471, 5991, 22375, 14183, 30567, 3943, 20327, 12135, 28519, 8039, 24423, 16231, 32615, 18663, 10471, 26855, 1255, 17639, 9447, 5351, 21735, 13543, 29927, 19687, 11495, 27879, 743, 17127, 8935, 25319, 4839, 13031, 29415, 2791, 19175, 10983, 27367, 6887, 23271, 15079, 31463, 1767, 18151, 26343, 5863, 22247, 14055, 30439, 3815, 12007, 28391, 487, 8679, 25063, 4583, 20967, 12775, 29159, 2535, 18919, 10727, 1511, 17895, 9703, 4303, 20687, 12495, 2255, 10447, 26831, 6351, 22735, 14543, 30927, 3279, 19663, 11471, 4815, 21199, 29391, 19151, 10959, 27343, 6863, 23247, 15055, 31439, 1743, 18127, 9935, 26319, 5839, 22223, 30415, 3791, 20175, 11983, 28367, 7887, 24271, 16079, 32463, 2511, 10703, 27087, 1487, 17871, 26063, 5583, 21967, 13775, 30159, 3535, 11727, 28111, 47, 16431, 8239, 24623, 4143, 12335, 28719, 6191, 22575, 14383, 5167, 21551, 13359, 559, 16943, 8751, 25135, 21039, 12847, 29231, 6703, 23087, 31279, 1583, 17967, 9775, 26159, 5679, 22063, 13871, 30255, 3631, 20015, 11823, 28207, 7727, 24111, 32303, 4399, 12591, 28975, 5423, 13615, 29999, 3375, 19759, 27951, 7471, 23855, 15663, 32047, 111, 16495, 8303, 24687, 4207, 20591, 12399, 28783, 2159, 18543, 10351, 26735, 22639, 14447, 30831, 21615, 13423, 29807, 3183, 19567, 11375, 7279, 23663, 15471, 31855, 4719, 12911, 29295, 2671, 19055, 27247, 6767, 23151, 14959, 31343, 3695, 11887, 28271, 2927, 19311, 27503, 18287, 10095, 26479, 5999, 22383, 14191, 30575, 3951, 20335, 28527, 239, 16623, 24815, 4335, 20719, 12527, 28911, 2287, 18671, 10479, 26863, 6383, 22767, 14575, 30959, 1263, 17647, 9455, 25839, 5359, 21743, 13551, 29935, 3311, 19695, 11503, 27887, 7407, 23791, 15599, 31983, 751, 17135, 8943, 25327, 4847, 21231, 13039, 29423, 19183, 10991, 27375, 6895, 23279, 15087, 31471, 18159, 9967, 26351, 3823, 20207, 12015, 28399, 7919, 16111, 32495, 495, 16879, 8687, 25071, 4591, 20975, 12783, 29167, 2543, 18927, 27119, 6639, 23023, 14831, 31215, 1519, 17903, 26095, 3567, 19951, 11759, 28143, 7663, 24047, 15855, 1007, 17391, 9199, 3055, 19439, 11247, 27631, 7151, 23535, 31727, 8175, 16367, 32751, 31, 16415, 8223, 24607, 4127, 20511, 12319, 22559, 14367, 30751, 1055, 17439, 9247, 25631, 5151, 21535, 13343, 29727, 3103, 19487, 11295, 27679, 23583, 15391, 31775, 4639, 12831, 29215, 5663, 13855, 30239, 3615, 19999, 28191, 7711, 24095, 15903, 32287, 4895, 21279, 29471, 19231, 11039, 27423, 6943, 23327, 15135, 31519, 3871, 20255, 28447, 159, 16543, 8351, 24735, 4255, 20639, 12447, 28831, 2207, 18591, 10399, 26783, 6303, 22687, 14495, 30879, 1183, 17567, 25759, 5279, 21663, 13471, 29855, 3231, 19615, 11423, 27807, 7327, 23711, 15519, 31903, 671, 17055, 8863, 4767, 21151, 12959, 29343, 19103, 10911, 27295, 1695, 18079, 9887, 26271, 5791, 22175, 13983, 30367, 20127, 11935, 28319, 7839, 24223, 16031, 32415, 16799, 8607, 24991, 4511, 20895, 12703, 29087, 2463, 18847, 27039, 1439, 17823, 9631, 26015, 5535, 21919, 13727, 30111, 3487, 19871, 28063, 7583, 23967, 15775, 32159, 927, 17311, 9119, 1951, 18335, 10143, 3999, 20383, 12191, 28575, 8095, 24479, 32671, 223, 16607, 8415, 24799, 4319, 20703, 28895, 6367, 14559, 30943, 5343, 13535, 29919, 479, 8671, 25055, 4575, 20959, 12767, 29151, 2527, 18911, 10719, 27103, 6623, 23007, 14815, 31199, 1503, 17887, 9695, 26079, 21983, 13791, 30175, 7647, 24031, 32223, 991, 17375, 9183, 25567, 5087, 13279, 29663, 7135, 23519, 15327, 6111, 22495, 14303, 63, 16447, 8255, 2111, 18495, 10303, 26687, 6207, 22591, 30783, 7231, 15423, 31807, 319, 16703, 8511, 24895, 4415, 20799, 12607, 28991, 2367, 10559, 26943, 6463, 22847, 14655, 31039, 1343, 9535, 25919, 3391, 19775, 11583, 27967, 23871, 15679, 32063, 17215, 9023, 25407, 2879, 19263, 11071, 27455, 6975, 15167, 31551, 7999, 24383, 16191, 20671, 12479, 28863, 21695, 13503, 29887, 3263, 19647, 11455, 7359, 23743, 15551, 31935, 703, 17087, 8895, 25279, 4799, 21183, 12991, 29375, 2751, 19135, 10943, 27327, 6847, 15039, 31423, 5823, 14015, 30399, 3775, 20159, 28351, 7871, 24255, 16063, 32447, 447, 16831, 8639, 25023, 4543, 12735, 29119, 2495, 18879, 10687, 27071, 6591, 22975, 14783, 31167, 1471, 17855, 9663, 26047, 5567, 21951, 13759, 30143, 3519, 19903, 11711, 28095, 7615, 23999, 15807, 32191, 959, 17343, 9151, 25535, 5055, 21439, 13247, 29631, 3007, 19391, 11199, 27583, 7103, 23487, 31679, 6079, 22463, 30655, 20415, 12223, 28607, 8127, 24511, 16319, 32703, 16511, 8319, 24703, 2175, 18559, 10367, 26751, 6271, 14463, 30847, 17535, 9343, 25727, 5247, 21631, 13439, 29823, 3199, 19583, 11391, 27775, 7295, 23679, 15487, 31871, 639, 17023, 8831, 25215, 4735, 21119, 12927, 29311, 2687, 19071, 10879, 27263, 23167, 14975, 31359, 1663, 18047, 9855, 26239, 5759, 22143, 13951, 30335, 3711, 20095, 11903, 28287, 7807, 24191, 15999, 32383, 6527, 14719, 31103, 1407, 17791, 9599, 25983, 5503, 21887, 30079, 7551, 15743, 32127, 895, 17279, 25471, 4991, 21375, 13183, 29567, 2943, 19327, 11135, 27519, 7039, 23423, 15231, 31615, 1919, 18303, 10111, 26495, 6015, 22399, 14207, 24447, 16255, 32639, 4351, 20735, 28927, 18687, 10495, 26879, 6399, 22783, 14591, 30975, 1279, 17663, 9471, 25855, 5375, 21759, 29951, 3327, 19711, 11519, 27903, 7423, 23807, 15615, 31999, 767, 17151, 8959, 25343, 4863, 21247, 13055, 29439, 2815, 11007, 27391, 6911, 23295, 15103, 31487, 1791, 18175, 9983, 26367, 5887, 22271, 14079, 30463, 3839, 20223, 12031, 28415, 7935, 24319, 16127, 32511, 511, 16895, 8703, 25087, 4607, 20991, 12799, 29183, 2559, 18943, 10751, 27135, 6655, 23039, 14847, 31231, 1535, 17919, 9727, 26111, 22015, 13823, 30207, 3583, 19967, 11775, 28159, 7679, 24063, 15871, 32255, 1023, 17407, 9215, 25599, 5119, 21503, 13311, 29695, 3071, 19455, 11263, 27647, 7167, 23551, 15359, 31743, 2047, 18431, 10239, 26623, 6143, 22527, 14335, 30719, 4095, 20479, 12287, 28671, 8191, 24575, 16383, 32767]
cycles: [1]

96.7742919921875
16
cycles: [1]

96.7742919921875
17
cycles: [1]

97.14088439941406
18
cycles: [1]

97.14088439941406
19
cycles: [1]

97.393798828125
20
cycles: [1]

97.77741432189941
21
cycles: [1]

97.77741432189941
22
cycles: [1]

97.98766374588013
23
cycles: [1]

98.29184412956238
24
cycles: [1]

